time,x,y,z,phi,theta,psi,x_velocity,y_velocity,z_velocity,phi_velocity,theta_velocity,psi_velocity,rotor_speed1,rotor_speed2,rotor_speed3,rotor_speed4
0.06,-9.71879913933e-08,1.2040049823e-07,10.0043273144,0.000124437869514,0.000103041724396,0.0,-9.05431141984e-06,1.10859942637e-05,0.144235761145,0.00592922731902,0.00494829805361,0.0,450.7709279545758,451.1705148956688,450.2233054887194,450.70264572534825
0.12000000000000001,-3.57389992597e-06,5.1469933276e-06,10.0143727277,0.00109463372848,0.000127491692331,0.0,-0.000123874175575,0.000223872835234,0.190604281168,0.0312906543413,-0.0107207750705,0.0,419.2003032684611,417.83675327152287,419.51526915961693,421.71123909910494
0.18,-1.11560590821e-05,5.08142565753e-05,10.0304655685,0.00302873005777,6.28262011588,0.0,-5.53232589687e-05,0.00150837581354,0.345788492334,0.0340592736579,-0.0132457113901,0.0,454.097441021047,453.8950114882066,454.1485523190024,454.37088918652984
0.23999999999999996,-8.04030804375e-07,0.00020848132016,10.0532762709,0.0047156045931,6.28129442289,0.0,0.000490870225628,0.00393260633777,0.414544542016,0.0122714341061,-0.0528800211025,0.0,429.5345275457951,426.1603153832538,427.1027608319363,425.2409979958897
0.3,7.83549709107e-05,0.00054161490821,10.0805296973,0.00511951726102,6.27805734143,0.0,0.00246471918209,0.00723137136899,0.493870292227,-0.00765741749755,-0.0561841457885,0.0,430.1890316323322,429.9071620372874,431.7715218629868,430.087125115718
0.36000000000000004,0.000351854511639,0.00108531176712,10.1143261569,0.00459233447986,6.27452680243,0.0,0.00702268952509,0.0108384585763,0.632609182174,-0.0111457410104,-0.0647705646959,0.0,449.25896850521514,448.55991916396243,449.84508571792367,449.5626895673904
0.4200000000000001,0.000989293887374,0.00183887736697,10.1576718044,0.00416376747607,6.27070986888,0.0,0.0146623741914,0.0142185890573,0.812130915034,-0.000145109987395,-0.0614012147747,0.0,461.564350642808,461.8273574922838,461.6578352535084,462.52499837588954
0.48000000000000015,0.00211203051581,0.0027688382622,10.2072023071,0.00417517863499,6.26683367584,0.0,0.0231056599236,0.0167801258126,0.838861578768,0.000852540932886,-0.0719270517359,0.0,413.00989223836086,412.0771336126747,414.82637882432317,414.91395969657503
0.5400000000000001,0.00389673607072,0.00387289641683,10.2630992121,0.00430573058055,6.26216413309,0.0,0.036892531578,0.0200316962176,1.02421130835,0.00469939222391,-0.0934883357896,0.0,464.4085313428721,462.70968819500814,464.2129367772066,464.5146173696911
0.6000000000000002,0.00653069740497,0.00515774981518,10.32594977,0.00440078989109,6.25658240835,0.0,0.0514316422357,0.0228150500335,1.07075204273,-0.00551590823094,-0.0921257113214,0.0,420.89105014074426,421.0011083319413,420.95692200871866,420.0721087682287
0.6600000000000003,0.0101940078645,0.00661767374239,10.3934298452,0.00440154165992,6.25081318191,0.0,0.0712566661913,0.0258333702925,1.17846141302,0.00925253045707,-0.105749674637,0.0,442.1742904092972,441.042559770566,438.9658944271039,440.18958917892576
0.7200000000000003,0.0152829703527,0.00827694326784,10.4707338905,0.00499444509493,6.24474861277,0.0,0.0991081641087,0.0295431254059,1.3980703966,0.0111113292078,-0.0930747266125,0.0,474.4775939030842,475.4413723881952,474.67667631494265,474.8191533154586
0.7800000000000004,0.0219224457755,0.0101394813388,10.5545088901,0.00518368301592,6.23908247762,0.0,0.122694850751,0.0325862643163,1.39441265857,-0.0217731811126,-0.0973042459842,0.0,405.0859706784353,404.69695255667057,406.29180431395724,403.33297124405135
0.8400000000000004,0.0303426361025,0.0122104268882,10.643927668,0.00397407992693,6.23306055401,0.0,0.158650620694,0.0362986859227,1.58593372882,-0.0171148863603,-0.107317958909,0.0,468.7026642618413,467.91564407180084,465.87938403036344,466.2434785195253
0.9000000000000005,0.0411607854318,0.0144848955736,10.7467284413,0.00349239806729,6.22615165899,0.0,0.202756733259,0.0394265712933,1.84033748992,0.00577838325397,-0.139326232531,0.0,486.8953470062607,484.48364871327266,485.74977729778396,487.4634816160192
0.9600000000000005,0.0546654122492,0.0169317277501,10.8623369346,0.00343661277025,6.21801699543,0.0,0.248308142856,0.0421557846349,2.01292925754,-0.0197983533516,-0.12898038761,0.0,462.5667819163188,463.3644920897053,464.0903978825092,462.07866744042997
1.0200000000000005,0.0709316193753,0.0195269199024,10.9859682736,0.00201178313699,6.21017675178,0.0,0.294674138337,0.0442190639858,2.10788438079,-0.033123285784,-0.13428182033,0.0,440.2753868327932,439.82068996701344,440.0794807680018,438.97510592597064
1.0800000000000005,0.0898758513747,0.0222079648547,11.1117257414,0.000179563506168,6.2019224405,0.0,0.337482927735,0.0449895882604,2.08401583172,-0.0258109131307,-0.145123100435,0.0,401.02729110788755,400.0214185989441,400.85690409155154,401.5203926816349
1.1400000000000006,0.111958499955,0.0249049218104,11.2411976389,6.28141409399,6.19292253562,0.0,0.399541512886,0.0447242152318,2.23134368951,-0.0513478768332,-0.162151125154,0.0,457.1585351714714,455.77897721772115,457.91451601564813,455.87813921473
1.2000000000000006,0.137698278556,0.0275433342312,11.3765794537,6.27807435465,6.18296429374,0.0,0.459367618948,0.0429213890827,2.28118224413,-0.0661009367886,-0.174966554818,0.0,427.0545732026998,425.9322823747739,427.42038111637356,426.1589219175689
1.2600000000000007,0.167340427151,0.0299999054564,11.51610379,6.27425137887,6.17205982236,0.0,0.529747224168,0.0385761113463,2.36931654544,-0.0593310043555,-0.200844253341,0.0,440.90613875220606,438.72985468519084,438.8740627555642,439.43256208470825
1.3200000000000007,0.201744364981,0.0320940371801,11.6636366515,6.27117089832,6.16005701511,0.0,0.618366027467,0.0308605563626,2.54787284829,-0.0388594642684,-0.198500280482,0.0,468.2352936655161,468.3806505930099,467.1369053698819,468.7288068232903
1.3800000000000008,0.240995036612,0.033732909641,11.815940511,6.26896910574,6.14880986198,0.0,0.69095790647,0.0235789738276,2.52881075415,-0.0326889824038,-0.171473197907,0.0,403.9766751113455,406.36772288432496,406.288943228167,406.8410296646609
1.4400000000000008,0.284977198865,0.0348789378567,11.9684575712,6.26738493121,6.13845376754,0.0,0.776033556643,0.0144660144079,2.55486632007,-0.0161201652916,-0.174956042283,0.0,421.4271440791688,421.09555173992965,420.9562638104839,422.387334947741
1.5000000000000009,0.334099344158,0.0354690670389,12.1214648238,6.26619874973,6.12788963009,0.0,0.8622623319,0.00511624564974,2.54522326139,-0.0283053074354,-0.178389637982,0.0,409.8159137380511,409.47782606746057,410.6865392440841,409.60429991595174
1.560000000000001,0.388965449674,0.0354333729421,12.2763149235,6.2643387429,6.11739623289,0.0,0.967596596503,-0.00647253284619,2.61606769905,-0.0370217810137,-0.168684945747,0.0,437.2579356617166,438.03561885037965,436.8835959137194,436.1558651322753
1.620000000000001,0.450832045175,0.0346099465004,12.4382022249,6.26193537819,6.10689591772,0.0,1.09567435312,-0.0212189250938,2.77952223552,-0.0469432219461,-0.192250382266,0.0,467.59576160377077,465.72785628888727,467.47636955274595,466.70187747514143
1.680000000000001,0.52066091544,0.0328416690402,12.610071146,6.25944540723,6.09616070787,0.0,1.23308554809,-0.0380032388384,2.94870221931,-0.0323817748042,-0.16062604557,0.0,468.27519609894944,470.6987878432127,469.9625473985628,471.0889841425482
1.740000000000001,0.598918553116,0.0300202175473,12.7917869233,6.25743137972,6.08629068821,0.0,1.37645963418,-0.0562463717535,3.10775996524,-0.0360494255855,-0.173650611876,0.0,469.3846012713516,468.34826357644585,468.1852332865713,467.89939386350017
1.8000000000000012,0.684887775947,0.0262033347619,12.977490703,6.25502095947,6.07607771191,0.0,1.49001342327,-0.071167451059,3.08217611786,-0.0500539868891,-0.164114512797,0.0,410.44939210465975,411.26442826634053,410.2506649472022,409.0041903511362
1.8600000000000012,0.77835630045,0.0213783155857,13.1640786057,6.2518557409,6.06623232109,0.0,1.62645781782,-0.0899466022848,3.13695826409,-0.0587861645668,-0.164040628849,0.0,436.9059154234878,436.88588896081603,438.9435938482352,438.21642374252355
1.9200000000000013,0.881614273125,0.0151609354759,13.3602908468,6.24789544467,6.05623471712,0.0,1.81648672137,-0.117725242513,3.40222951701,-0.0871256086283,-0.172369298306,0.0,502.6748011792017,502.04777890537196,504.2064348068139,502.1518481210954
1.9800000000000013,0.994985376857,0.00740930421162,13.5657513208,6.24312620863,6.04550724446,0.0,1.96342986894,-0.141109164385,3.44593554973,-0.0674461513043,-0.196438349492,0.0,438.9578201684607,436.9236632421339,436.7285116310243,438.36160569756703
2.0400000000000014,1.11607021556,-0.00161251463006,13.7684577141,6.23955367295,6.03395954466,0.0,2.07354619943,-0.159876519951,3.31104494864,-0.0471675295417,-0.185514617986,0.0,374.50378680008225,375.52118470690596,375.6532328164027,377.6113444445601
2.1000000000000014,1.24465374262,-0.0119324448349,13.9659323761,6.23713702772,6.02240455024,0.0,2.21343148093,-0.184320926079,3.27117741151,-0.0291929372177,-0.212973602544,0.0,412.40574436509974,409.9324616129107,409.0091917471977,410.6059510450752
2.1600000000000015,1.38296482266,-0.0239514590849,14.1652277677,6.23548251778,6.00980681674,0.0,2.39803877693,-0.216446927018,3.37114000292,-0.0245219158051,-0.204541924876,0.0,457.60201849649286,458.23070517905614,457.5240512364429,457.8956454912448
2.2200000000000015,1.53234789311,-0.0378852815002,14.3695624128,6.23355266118,5.99758347497,0.0,2.58240211671,-0.248135171191,3.43924195612,-0.0553793974775,-0.202134312078,0.0,450.24963163239806,450.4042537599409,449.8810446792389,447.37479295627656
2.2800000000000016,1.69332840594,-0.0538140972257,14.5789552558,6.23055044408,5.98562424111,0.0,2.78459923332,-0.283099406892,3.53956496299,-0.0410633653647,-0.194223468787,0.0,460.7550193399229,461.3426945491,461.4071891072755,462.53456616824633
2.3400000000000016,1.86722287162,-0.0719899463193,14.796074893,6.22880345944,5.97378368771,0.0,3.01283892397,-0.322922448252,3.69651429453,-0.0121787048407,-0.204439042492,0.0,481.49208321965995,480.68359117644405,480.0999733422319,482.28639859089395
2.4000000000000017,2.05351078812,-0.0923213451118,15.0177185178,6.22828998681,5.96133235182,0.0,3.19765381686,-0.354813069435,3.69101135821,-0.00215365650412,-0.214524490017,0.0,432.57340612643617,431.67930780893874,430.41172890934695,431.25954529809366
2.4600000000000017,2.25129300602,-0.114603282962,15.2395684356,6.22815295412,5.9482821025,0.0,3.39602281939,-0.387891766023,3.70325157613,-0.00254562040429,-0.224237722303,0.0,439.2821877999985,438.42829845214504,438.9983918026593,438.9659105455762
2.520000000000002,2.46106477844,-0.138848481784,15.4617079541,6.22790121457,5.93424999499,0.0,3.59732418832,-0.420261094343,3.70066805186,-0.00771894793119,-0.272370304837,0.0,437.36349279533033,433.276147737619,436.11277989729217,435.68048201379634
2.580000000000002,2.68254078386,-0.164945061588,15.6819474549,6.2274139508,5.91776896066,0.0,3.78633325631,-0.449631487883,3.64004544845,-0.00893768311237,-0.279753763448,0.0,418.0858320665625,417.3602055130156,416.6604883553523,416.5540237701124
2.640000000000002,2.91639289443,-0.192921486874,15.9005129163,6.22752135515,5.90106016154,0.0,4.00991480373,-0.482877033707,3.64446590067,0.0174457797859,-0.276052498316,0.0,441.9870757539102,442.2131089153955,439.67427954055694,441.85501311456153
2.700000000000002,3.16428208222,-0.222928370822,16.1200952653,6.22891865329,5.88447719326,0.0,4.25419816507,-0.517176992439,3.67375678222,0.0329651408539,-0.27705013195,0.0,451.5956418523733,451.4391854550953,452.21029199021945,453.45889856433774
2.760000000000002,3.42707264404,-0.254953619772,16.3412322494,6.23154793107,5.86736691373,0.0,4.50659397961,-0.550056202206,3.69624362434,0.0596116631003,-0.310914217802,0.0,453.73113094153985,450.9206908828354,451.8452935642798,453.9896551509862
2.820000000000002,3.7058306618,-0.288953801013,16.5647822254,6.23532875903,5.84864321162,0.0,4.78659130976,-0.582854377069,3.75380467555,0.0690696930953,-0.314454781726,0.0,467.43188537173484,467.0615574235578,466.93775210321485,467.67775785089674
2.880000000000002,4.00154244072,-0.324822619326,16.7912509148,6.2393494714,5.82934001708,0.0,5.0716706653,-0.612322771819,3.79351294384,0.0625434846662,-0.342975696357,0.0,465.592862028388,463.25288854365715,465.8953516097316,465.38785031691
2.940000000000002,4.31221185924,-0.362161459707,17.0148985261,6.24319843051,5.80861854134,0.0,5.28515446061,-0.632024224888,3.66067628664,0.0671803193409,-0.350590366376,0.0,406.3595104904176,405.54087273037555,408.227482600601,408.6445131136437
3.000000000000002,4.63820426437,-0.40079661896,17.2348099661,6.24736053101,5.78726617423,0.0,5.58249402572,-0.655391284037,3.66793518048,0.0734179740346,-0.369323414593,0.0,460.8954030793977,459.2854604122026,460.1130211861094,460.61012969095816
3.0600000000000023,4.98065902212,-0.440642323091,17.4518110804,6.2517497046,5.76495769639,0.0,5.83385752164,-0.672449739198,3.56424836979,0.0726176949732,-0.377288599379,0.0,425.3140554167931,424.4810705859558,424.14277092391103,424.0784537378267
3.1200000000000023,5.33989894141,-0.481519533801,17.6648879152,6.25617639056,5.74207801777,0.0,6.14198662762,-0.689710303083,3.5364386279,0.0760021790697,-0.390926528057,0.0,456.0773736059403,454.8393608499,455.47946539279974,455.75419993910685
3.1800000000000024,5.71659206048,-0.52329361041,17.8738160295,6.2603033194,5.71862010061,0.0,6.41557626405,-0.702416859041,3.42639322496,0.0476554878824,-0.391042649059,0.0,429.80707501606406,429.6330636632553,431.04735461111017,428.6481197407889
3.2400000000000024,6.10982047719,-0.565766389509,18.0756873356,6.26325119315,5.69512400853,0.0,6.69307601734,-0.713117109187,3.30120195844,0.0519294917637,-0.392739441108,0.0,428.05211752312545,427.7421702848983,427.3890829938358,427.7548908608401
3.3000000000000025,6.52017161472,-0.608842732639,18.2701516487,6.26614077183,5.67255700925,0.0,6.98620349242,-0.722528530197,3.17938179137,0.0392918686708,-0.354891670625,0.0,431.3589377806114,434.3908152059751,433.5583475855473,432.49644576809357
3.3600000000000025,6.94843795981,-0.652444774583,18.4572243817,6.26847870928,5.6511575493,0.0,7.2900472152,-0.730691044864,3.05482856372,0.0383051919297,-0.360434216815,0.0,436.07556731819284,435.4781941633586,436.10592896004727,436.024268491587
3.4200000000000026,7.39496072569,-0.696498340619,18.6363556325,6.27067823275,5.62974894863,0.0,7.59467416239,-0.737594388642,2.91466877415,0.03314467994,-0.350418287483,0.0,433.2303076966819,433.93706168240567,434.44153685085496,434.0091552943251
3.4800000000000026,7.8606969799,-0.740947012524,18.8078252252,6.27275962304,5.60889248284,0.0,7.93030964267,-0.743867473007,2.79915585545,0.0376131172463,-0.342522155434,0.0,447.2162880097936,447.7356789427357,448.4228877084471,448.78631514488507
3.5400000000000027,8.34714353224,-0.785744612691,18.9726064937,6.27545333429,5.58862412418,0.0,8.28483746298,-0.749192236739,2.69157361161,0.0564870330827,-0.329756547558,0.0,455.1413796099923,456.0478622560957,455.90580158335416,457.4128018176716
3.6000000000000028,8.85339388615,-0.83080520526,19.1287370069,6.2784708286,5.56920136455,0.0,8.59043559639,-0.752625760432,2.5113955899,0.0335042010241,-0.313781482421,0.0,431.44401648861447,432.68016076346674,431.837691415634,429.8956369888516
3.660000000000003,9.37821248502,-0.876038180252,19.2739976457,6.28060236254,5.55007732536,0.0,8.90363679455,-0.755012023387,2.32921459137,0.0392885958812,-0.331109149845,0.0,435.0474671018482,433.48640861322036,434.6096678121655,435.0949495270114
3.720000000000003,9.92385912581,-0.921392210109,19.4102559821,6.28289665826,5.52993412744,0.0,9.28442165486,-0.756625223069,2.21052554047,0.0360507637599,-0.347020505672,0.0,466.955266581601,465.60144709206895,465.07697366449713,464.8238627172539
3.780000000000003,10.4915893455,-0.966811605213,19.5381724424,0.00165300857562,5.50912457367,0.0,9.63977201051,-0.757225613044,2.05133078774,0.0237147925605,-0.34644063908,0.0,454.1319625831511,454.0575389038424,456.21929992906877,455.23330164912136
3.840000000000003,11.0790183595,-1.01224760378,19.654519286,0.00327586829906,5.48821781344,0.0,9.94115286192,-0.757229446972,1.82542474709,0.032994815133,-0.352778718697,0.0,431.3568131921112,430.691779819586,430.8747643626868,431.65907798323
3.900000000000003,11.687367707,-1.05765627446,19.7597875184,0.00519144839572,5.46690000142,0.0,10.3366129773,-0.756275098413,1.68102453534,0.029699286757,-0.360860925148,0.0,472.68649105163485,471.940902305558,472.3242588424908,472.07024855566726
3.960000000000003,12.3168767755,-1.10299798339,19.8536009521,0.00688796025186,5.44529433481,0.0,10.6467452573,-0.75503411212,1.44442426219,0.0252635320327,-0.358608453062,0.0,437.4599443103112,437.51156072135115,438.51952925325236,438.15098605576196
4.020000000000002,12.9665278302,-1.14823992403,19.9343096957,0.00829180690818,5.42348951162,0.0,11.007636203,-0.752962320914,1.24366600555,0.0193769535977,-0.375314983067,0.0,460.56303178451196,459.1070425663816,460.768116326227,460.3023613809124
4.080000000000001,13.6392349009,-1.19333433685,20.0038385896,0.00951843160002,5.40062152941,0.0,11.4149120202,-0.7501346223,1.07115554941,0.0224960748184,-0.396442028568,0.0,481.18956437630385,479.44730728246947,480.1992948142801,480.43587859493516
4.14,14.3356193613,-1.23825308236,20.0619973707,0.0107315976606,5.37690878451,0.0,11.7968670382,-0.747109774503,0.864773421791,0.0152261258267,-0.392867827494,0.0,473.447489994012,473.57104977381584,473.64153653518133,473.0818112687695
4.199999999999998,15.0529295667,-1.28299785885,20.1058573014,0.0113453410224,5.35309418394,0.0,12.1126424461,-0.744366308488,0.595189630115,-0.00233517255939,-0.406514956199,0.0,450.6766775806976,449.40983645410637,452.19223703458493,450.77460881069067
4.259999999999997,15.7893373327,-1.32757560357,20.1333690402,0.0110474137983,5.32898579346,0.0,12.4332644015,-0.741591012921,0.319703006929,-0.0108272349828,-0.39377244948,0.0,455.6614418290579,456.51614731142746,454.18313034848023,453.5013018094613
4.319999999999996,16.546466815,-1.37198179796,20.1451160547,0.0103214215881,5.30517405761,0.0,12.8028524307,-0.73867649967,0.0692419015738,-0.0147749797757,-0.403868002187,0.0,475.99597821304684,475.06995513048105,476.30457522860235,476.00256118218147
4.379999999999995,17.3235290016,-1.41623908525,20.1400219762,0.00925864387966,5.28074096306,0.0,13.0980115512,-0.736624579018,-0.241026304545,-0.0243529742647,-0.414908356894,0.0,452.20927058971836,451.1487703599064,453.8005753807225,453.0307740302648
4.439999999999993,18.1183310089,-1.4603847771,20.1160890152,0.00746201632425,5.25569363571,0.0,13.393988071,-0.734979503338,-0.558821970405,-0.0445082358667,-0.423087274254,0.0,456.4000819152213,455.56972943295943,456.83141162731886,455.2202713426864
4.499999999999992,18.9284806453,-1.5044598707,20.0714025607,0.00454417920717,5.23092868799,0.0,13.6100186328,-0.734287308484,-0.93206912529,-0.0585046031254,-0.397563320166,0.0,428.80226718034623,430.7815622314912,430.6587371198195,429.4709545959215
4.559999999999991,19.7535738204,-1.54850958095,20.0052971686,0.000839081400721,5.20671929014,0.0,13.8914266959,-0.734175172997,-1.27331681124,-0.0691947201783,-0.419190161892,0.0,457.9807036437361,456.0907907002079,456.3074312991286,455.4501090497413
4.6199999999999894,20.593333783,-1.59258148508,19.917335231,6.27965747764,5.18147616912,0.0,14.0993029158,-0.735016539713,-1.66009675334,-0.0811408724492,-0.423953122312,0.0,434.4237365340819,433.8349403445757,434.6622028484571,433.6549954123885
4.679999999999988,21.4457777267,-1.63673150843,19.8061343555,6.27517749235,5.15631767149,0.0,14.3139810921,-0.736785377467,-2.04804096726,-0.0641343227861,-0.411369011378,0.0,438.9859851127487,439.8442257349795,439.5959314935974,440.9992117121704
4.739999999999987,22.317315403,-1.68103871936,19.6744424372,6.2715600304,5.13140902503,0.0,14.7337200216,-0.740257256081,-2.34489006455,-0.0535424533876,-0.423991689418,0.0,511.93009496026724,510.87568287858886,510.05843304725033,510.8126070676374
4.799999999999986,23.2117721884,-1.7255699664,19.5236225834,6.26880506385,5.1062466325,0.0,15.0783172846,-0.744197820086,-2.68507340296,-0.0338870667073,-0.411472756507,0.0,494.05527800375927,494.81422343202576,495.4066767124306,496.84952575834717
4.859999999999984,24.1232631123,-1.77033222178,19.3506497095,6.26691112171,5.08159114619,0.0,15.3024597382,-0.747914367754,-3.08224312613,-0.0272868283658,-0.409854480933,0.0,463.24953178284187,463.2088363375704,463.8145738958114,464.33266325176635
4.919999999999983,25.0486141259,-1.81532951325,19.1538745047,6.26491825682,5.05738703682,0.0,15.5399679335,-0.752023599001,-3.47856884579,-0.0489927447672,-0.392924672783,0.0,472.11688573620455,473.26337087942886,474.1551073324855,472.48311159176
4.979999999999982,25.9885414249,-1.86058736151,18.9333079117,6.26177414032,5.03433019326,0.0,15.7880351382,-0.756634171526,-3.87525908662,-0.0602790335456,-0.371034760531,0.0,480.79297327181996,482.3083931166123,482.6934136335385,481.83881209779645
5.0399999999999805,26.9380431685,-1.90610149279,18.6870802252,6.25792086314,5.0119175633,0.0,15.8608785567,-0.760580852115,-4.332551535,-0.07357457023,-0.379084543371,0.0,430.7578641481282,429.9265439328966,431.72944001885276,430.6021123516805
